0.114107
0.310669
0.649269
1.23254
2.2373
3.96811
6.94961
12.0856
20.9329
36.1733
62.4266
107.651
185.555
319.753
550.924
949.141
1635.12
2816.78
4852.33
8358.8
14399.1
24804.1
42727.9
73603.7
126791
218411
376238
648111
1.11644e+06
1.9232e+06
3.31292e+06
5.70688e+06
9.83073e+06
1.69345e+07
2.91716e+07
5.02513e+07
8.65634e+07
1.49115e+08
2.56867e+08
4.42482e+08
7.62225e+08
1.31302e+09
2.26182e+09
3.89623e+09
6.71169e+09
1.15616e+10
1.99162e+10
3.43079e+10
5.90991e+10
1.01805e+11
1.7537e+11
3.02094e+11
5.20391e+11
8.96431e+11
1.5442e+12
2.66006e+12
4.58225e+12
7.89343e+12
1.35973e+13
2.34229e+13
4.03485e+13
6.95048e+13
1.1973e+14
2.06248e+14
3.55284e+14
6.12017e+14
1.05427e+15
1.81609e+15
3.12842e+15
5.38905e+15
9.28324e+15
1.59914e+16
2.7547e+16
4.74527e+16
8.17426e+16
1.40811e+17
2.42562e+17
4.1784e+17
7.19775e+17
1.23989e+18
2.13585e+18
3.67924e+18
6.33791e+18
1.09177e+19
1.8807e+19
3.23972e+19
5.58078e+19
9.61351e+19
1.65603e+20
2.8527e+20
4.91409e+20
8.46507e+20
1.4582e+21
2.51192e+21
4.32705e+21
7.45383e+21
1.28401e+22
2.21184e+22
3.81014e+22
6.56339e+22
1.13062e+23
1.94761e+23
3.35498e+23
5.77933e+23
9.95553e+23
1.71495e+24
2.95419e+24
5.08892e+24
8.76624e+24
1.51008e+25
2.60128e+25
4.481e+25
7.71902e+25
1.32969e+26
2.29053e+26
3.9457e+26
6.7969e+26
1.17084e+27
2.0169e+27
3.47434e+27
5.98494e+27
1.03097e+28
1.77596e+28
3.05929e+28
5.26997e+28
9.07812e+28
1.56381e+29
2.69383e+29
4.64042e+29
7.99364e+29
1.37699e+30
2.37202e+30
4.08607e+30
7.03871e+30
1.2125e+31
2.08866e+31
3.59795e+31
6.19787e+31
1.06765e+32
1.83915e+32
3.16814e+32
5.45747e+32
9.40109e+32
1.61944e+33
2.78967e+33
4.80551e+33
8.27803e+33
1.42598e+34
2.45641e+34
4.23144e+34
7.28913e+34
1.25563e+35
2.16297e+35
3.72595e+35
6.41837e+35
1.10564e+36
1.90458e+36
3.28085e+36
5.65163e+36
9.73555e+36
1.67706e+37
2.88892e+37
4.97648e+37
8.57254e+37
1.47672e+38
2.54381e+38
4.38199e+38
7.54846e+38
1.30031e+39
2.23992e+39
3.85851e+39
6.64672e+39
1.14497e+40
1.97234e+40
3.39757e+40
5.8527e+40
1.00819e+41
1.73672e+41
2.9917e+41
5.15353e+41
8.87753e+41
1.52925e+42
2.63431e+42
4.53789e+42
7.81701e+42
1.34657e+43
2.31961e+43
3.99579e+43
6.88319e+43
1.18571e+44
2.04251e+44
3.51845e+44
6.06092e+44
1.04406e+45
1.79851e+45
3.09813e+45
5.33688e+45
9.19336e+45
1.58366e+46
2.72803e+46
4.69933e+46
8.09512e+46
1.39447e+47
2.40214e+47
4.13795e+47
7.12807e+47
1.22789e+48
2.11518e+48
3.64363e+48
6.27655e+48
1.08121e+49
1.8625e+49
3.20836e+49
5.52675e+49
9.52044e+49
1.64e+50
2.82508e+50
4.86652e+50
8.38312e+50
1.44409e+51
2.4876e+51
4.28516e+51
7.38167e+51
1.27157e+52
2.19043e+52
3.77326e+52
6.49985e+52
1.11967e+53
1.92876e+53
3.3225e+53
5.72338e+53
9.85915e+53
1.69835e+54
2.92559e+54
5.03966e+54
8.68137e+54
1.49546e+55
2.5761e+55
4.43762e+55
7.64429e+55
1.31681e+56
2.26836e+56
3.9075e+56
6.7311e+56
1.15951e+57
1.99738e+57
3.44071e+57
5.927e+57
1.02099e+58
1.75877e+58
3.02968e+58
5.21896e+58
8.99023e+58
1.54867e+59
2.66775e+59
4.5955e+59
7.91625e+59
1.36366e+60
2.34906e+60
4.04652e+60
6.97057e+60
1.20076e+61
2.06844e+61
3.56312e+61
6.13786e+61
1.05732e+62
1.82134e+62
3.13746e+62
5.40463e+62
9.31008e+62
1.60376e+63
2.76266e+63
4.75899e+63
8.19789e+63
1.41218e+64
2.43263e+64
4.19048e+64
7.21857e+64
1.24348e+65
2.14203e+65
3.68988e+65
6.35623e+65
1.09493e+66
1.88614e+66
3.24909e+66
5.59691e+66
9.6413e+66
1.66082e+67
2.86095e+67
4.9283e+67
8.48955e+67
1.46242e+68
2.51918e+68
4.33956e+68
7.47538e+68
1.28772e+69
2.21824e+69
3.82116e+69
6.58237e+69
1.13389e+70
1.95324e+70
3.36468e+70
5.79604e+70
9.98431e+70
1.71991e+71
2.96273e+71
5.10364e+71
8.79158e+71
1.51445e+72
2.6088e+72
4.49395e+72
7.74134e+72
1.33353e+73
2.29715e+73
3.9571e+73
6.81655e+73
1.17423e+74
2.02274e+74
3.48439e+74
6.00224e+74
1.03395e+75
1.7811e+75
3.06814e+75
5.28521e+75
9.10436e+75
1.56833e+76
2.70162e+76
4.65384e+76
8.01675e+76
1.38097e+77
2.37888e+77
4.09789e+77
7.05906e+77
1.216e+78
2.0947e+78
3.60835e+78
6.21579e+78
1.07074e+79
1.84446e+79
3.1773e+79
5.47324e+79
9.42827e+79
1.62412e+80
2.79773e+80
4.81941e+80
8.30196e+80
1.43011e+81
2.46352e+81
4.24368e+81
7.31021e+81
1.25926e+82
2.16922e+82
3.73673e+82
6.43693e+82
1.10883e+83
1.91009e+83
3.29033e+83
5.66797e+83
9.7637e+83
1.68191e+84
2.89727e+84
4.99087e+84
8.59732e+84
1.48098e+85
2.55116e+85
4.39466e+85
7.57028e+85
1.30407e+86
2.2464e+86
3.86967e+86
6.66593e+86
1.14828e+87
1.97804e+87
3.4074e+87
5.86962e+87
1.01111e+88
1.74174e+88
3.00035e+88
5.16843e+88
8.90319e+88
1.53367e+89
2.64192e+89
4.55101e+89
7.83961e+89
1.35046e+90
2.32632e+90
4.00734e+90
6.90309e+90
1.18913e+91
2.04841e+91
3.52862e+91
6.07844e+91
1.04708e+92
1.80371e+92
3.10709e+92
5.35231e+92
9.21994e+92
1.58824e+93
2.73592e+93
4.71292e+93
8.11852e+93
1.39851e+94
2.40908e+94
4.14991e+94
7.14868e+94
1.23144e+95
2.12129e+95
3.65416e+95
6.2947e+95
1.08433e+96
1.86788e+96
3.21763e+96
5.54273e+96
9.54796e+96
1.64474e+97
2.83325e+97
4.88059e+97
8.40736e+97
1.44826e+98
2.49479e+98
4.29755e+98
7.40301e+98
1.27525e+99
2.19676e+99
3.78416e+99
6.51864e+99
1.12291e+100
1.93433e+100
3.33211e+100
5.73992e+100
9.88765e+100
1.70326e+101
2.93405e+101
5.05423e+101
8.70647e+101
1.49979e+102
2.58355e+102
4.45045e+102
7.66639e+102
1.32062e+103
2.27492e+103
3.91879e+103
6.75056e+103
1.16286e+104
2.00315e+104
3.45065e+104
5.94413e+104
1.02394e+105
1.76386e+105
3.03844e+105
5.23404e+105
9.01622e+105
1.55314e+106
2.67546e+106
4.60878e+106
7.93914e+106
1.3676e+107
2.35585e+107
4.05821e+107
6.99073e+107
1.20423e+108
2.07442e+108
3.57342e+108
6.15561e+108
1.06037e+109
1.82661e+109
3.14654e+109
5.42026e+109
9.33699e+109
1.6084e+110
2.77065e+110
4.77275e+110
8.22159e+110
1.41626e+111
2.43967e+111
4.20259e+111
7.23944e+111
1.24707e+112
2.14822e+112
3.70055e+112
6.37461e+112
1.0981e+113
1.89159e+113
3.25848e+113
5.61309e+113
9.66918e+113
1.66562e+114
2.86922e+114
4.94255e+114
8.51409e+114
1.46665e+115
2.52646e+115
4.35211e+115
7.49699e+115
1.29144e+116
2.22465e+116
3.83221e+116
6.6014e+116
1.13716e+117
1.95889e+117
3.37441e+117
5.81279e+117
1.00132e+118
1.72488e+118
2.9713e+118
5.11839e+118
8.817e+118
1.51883e+119
2.61635e+119
4.50695e+119
7.76372e+119
1.33739e+120
2.3038e+120
3.96855e+120
6.83626e+120
1.17762e+121
2.02858e+121
3.49446e+121
6.0196e+121
1.03694e+122
1.78625e+122
3.07701e+122
5.30049e+122
9.13069e+122
1.57286e+123
2.70943e+123
4.66729e+123
8.03993e+123
1.38497e+124
2.38576e+124
4.10973e+124
7.07947e+124
1.21952e+125
2.10076e+125
3.61878e+125
6.23376e+125
1.07383e+126
1.8498e+126
3.18648e+126
5.48907e+126
9.45553e+126
1.62882e+127
2.80582e+127
4.83334e+127
8.32597e+127
1.43424e+128
2.47064e+128
4.25595e+128
7.33134e+128
1.26291e+129
2.17549e+129
3.74753e+129
6.45554e+129
1.11204e+130
1.91561e+130
3.29985e+130
5.68435e+130
9.79193e+130
1.68677e+131
2.90565e+131
5.0053e+131
8.62218e+131
1.48527e+132
2.55854e+132
4.40736e+132
7.59217e+132
1.30784e+133
2.25289e+133
3.88086e+133
6.68521e+133
1.1516e+134
1.98376e+134
3.41725e+134
5.88659e+134
1.01403e+135
1.74678e+135
3.00902e+135
5.18337e+135
8.92893e+135
1.53811e+136
2.64956e+136
4.56416e+136
7.86228e+136
1.35436e+137
2.33304e+137
4.01893e+137
6.92305e+137
1.19257e+138
2.05434e+138
3.53882e+138
6.09602e+138
1.05011e+139
1.80892e+139
3.11607e+139
5.36778e+139
9.2466e+139
1.59283e+140
2.74383e+140
4.72654e+140
8.142e+140
1.40255e+141
2.41605e+141
4.16191e+141
7.16935e+141
1.235e+142
2.12742e+142
3.66473e+142
6.3129e+142
1.08747e+143
1.87328e+143
3.22694e+143
5.55875e+143
9.57557e+143
1.6495e+144
2.84144e+144
4.8947e+144
8.43167e+144
1.45245e+145
2.502e+145
4.30998e+145
7.42442e+145
1.27894e+146
2.20311e+146
3.79511e+146
6.53749e+146
1.12616e+147
1.93993e+147
3.34174e+147
5.75652e+147
9.91624e+147
1.70818e+148
2.94253e+148
5.06884e+148
8.73164e+148
1.50412e+149
2.59102e+149
4.46332e+149
7.68856e+149
1.32444e+150
2.28149e+150
3.93013e+150
6.77008e+150
1.16622e+151
2.00894e+151
3.46063e+151
5.96132e+151
1.0269e+152
1.76896e+152
3.04722e+152
5.24918e+152
9.04229e+152
1.55763e+153
2.6832e+153
4.62211e+153
7.96209e+153
1.37156e+154
2.36266e+154
4.06995e+154
7.01094e+154
1.20771e+155
2.08042e+155
3.58375e+155
6.17341e+155
1.06344e+156
1.83189e+156
3.15563e+156
5.43593e+156
9.36399e+156
1.61305e+157
2.77866e+157
4.78655e+157
8.24536e+157
1.42036e+158
2.44672e+158
4.21475e+158
7.26037e+158
1.25068e+159
2.15443e+159
3.71125e+159
6.39304e+159
1.10127e+160
1.89706e+160
3.2679e+160
5.62932e+160
9.69713e+160
1.67044e+161
2.87752e+161
4.95684e+161
8.53871e+161
1.47089e+162
2.53377e+162
4.36469e+162
7.51867e+162
1.29517e+163
2.23108e+163
3.84329e+163
6.62049e+163
1.14045e+164
1.96456e+164
3.38416e+164
5.8296e+164
1.00421e+165
1.72987e+165
2.97989e+165
5.13319e+165
8.84249e+165
1.52322e+166
2.62391e+166
4.51998e+166
7.78616e+166
1.34125e+167
2.31046e+167
3.98002e+167
6.85602e+167
1.18103e+168
2.03445e+168
3.50456e+168
6.037e+168
1.03994e+169
1.79141e+169
3.08591e+169
5.31582e+169
9.15708e+169
1.57741e+170
2.71726e+170
4.68079e+170
8.06317e+170
1.38897e+171
2.39266e+171
4.12162e+171
7.09994e+171
1.22304e+172
2.10683e+172
3.62925e+172
6.25178e+172
1.07694e+173
1.85515e+173
3.19569e+173
5.50494e+173
9.48287e+173
1.63353e+174
2.81394e+174
4.84732e+174
8.35004e+174
1.43839e+175
2.47778e+175
4.26825e+175
7.35254e+175
1.26656e+176
2.18178e+176
3.75836e+176
6.4742e+176
1.11525e+177
1.92115e+177
3.30939e+177
5.70079e+177
9.82024e+177
1.69165e+178
2.91405e+178
5.01977e+178
8.64711e+178
1.48956e+179
2.56593e+179
4.42011e+179
7.61412e+179
1.31162e+180
2.25941e+180
3.89208e+180
6.70453e+180
1.15493e+181
1.9895e+181
3.42713e+181
5.90361e+181
1.01696e+182
1.75183e+182
3.01772e+182
5.19836e+182
8.95475e+182
1.54256e+183
2.65722e+183
4.57736e+183
7.88501e+183
1.35828e+184
2.33979e+184
4.03055e+184
6.94306e+184
1.19602e+185
2.06028e+185
3.54906e+185
6.11364e+185
1.05314e+186
1.81415e+186
3.12508e+186
5.3833e+186
9.27334e+186
1.59743e+187
2.75176e+187
4.74021e+187
8.16554e+187
1.4066e+188
2.42303e+188
4.17394e+188
7.19008e+188
1.23857e+189
2.13358e+189
3.67532e+189
6.33115e+189
1.09061e+190
1.8787e+190
3.23626e+190
5.57483e+190
9.60325e+190
1.65427e+191
2.84966e+191
4.90885e+191
8.45604e+191
1.45665e+192
2.50924e+192
4.32244e+192
7.44588e+192
1.28264e+193
2.20948e+193
3.80608e+193
6.55639e+193
1.12941e+194
1.94554e+194
3.3514e+194
5.77316e+194
9.94491e+194
1.71312e+195
2.95104e+195
5.0835e+195
8.75689e+195
1.50847e+196
2.59851e+196
4.47622e+196
7.71078e+196
1.32827e+197
2.28809e+197
3.94149e+197
6.78965e+197
1.16959e+198
2.01475e+198
3.47064e+198
5.97856e+198
1.02987e+199
1.77407e+199
3.05603e+199
5.26435e+199
9.06843e+199
1.56214e+200
2.69096e+200
4.63547e+200
7.98511e+200
1.37552e+201
2.36949e+201
4.08172e+201
7.03121e+201
1.2112e+202
2.08643e+202
3.59411e+202
6.19126e+202
1.06651e+203
1.83719e+203
3.16476e+203
5.45164e+203
9.39106e+203
1.61771e+204
2.78669e+204
4.80039e+204
8.2692e+204
1.42446e+205
2.45379e+205
4.22693e+205
7.28136e+205
1.25429e+206
2.16066e+206
3.72198e+206
6.41152e+206
1.10446e+207
1.90255e+207
3.27735e+207
5.6456e+207
9.72517e+207
1.67527e+208
2.88584e+208
4.97117e+208
8.5634e+208
1.47514e+209
2.54109e+209
4.37731e+209
7.54041e+209
1.29892e+210
2.23753e+210
3.8544e+210
6.63963e+210
1.14375e+211
1.97024e+211
3.39395e+211
5.84645e+211
1.00712e+212
1.73487e+212
2.98851e+212
5.14803e+212
8.86806e+212
1.52762e+213
2.6315e+213
4.53305e+213
7.80868e+213
1.34513e+214
2.31714e+214
3.99153e+214
6.87585e+214
1.18444e+215
2.04033e+215
3.5147e+215
6.05445e+215
1.04295e+216
1.79659e+216
3.09483e+216
5.33119e+216
9.18356e+216
1.58197e+217
2.72512e+217
4.69432e+217
8.08649e+217
1.39299e+218
2.39957e+218
4.13353e+218
7.12047e+218
1.22658e+219
2.11292e+219
3.63974e+219
6.26985e+219
1.08005e+220
1.86051e+220
3.20493e+220
5.52085e+220
9.51028e+220
1.63825e+221
2.82207e+221
4.86133e+221
8.37418e+221
1.44255e+222
2.48494e+222
4.28059e+222
7.3738e+222
1.27022e+223
2.18809e+223
3.76923e+223
6.49292e+223
1.11848e+224
1.9267e+224
3.31896e+224
5.71727e+224
9.84863e+224
1.69654e+225
2.92247e+225
5.03428e+225
8.67211e+225
1.49387e+226
2.57335e+226
4.43288e+226
7.63614e+226
1.31541e+227
2.26594e+227
3.90333e+227
6.72392e+227
1.15827e+228
1.99525e+228
3.43704e+228
5.92068e+228
1.0199e+229
1.75689e+229
3.02645e+229
5.21339e+229
8.98064e+229
1.54701e+230
2.6649e+230
4.59059e+230
7.90781e+230
1.36221e+231
2.34655e+231
4.0422e+231
6.96314e+231
1.19948e+232
2.06623e+232
3.55932e+232
6.13132e+232
1.05619e+233
1.8194e+233
3.13412e+233
5.39887e+233
9.30015e+233
1.60205e+234
2.75971e+234
4.75392e+234
8.18915e+234
1.41067e+235
2.43004e+235
4.18601e+235
7.21087e+235
1.24215e+236
2.13974e+236
3.68595e+236
6.34945e+236
1.09376e+237
1.88413e+237
3.24562e+237
5.59094e+237
9.63102e+237
1.65905e+238
2.8579e+238
4.92305e+238
8.48049e+238
1.46086e+239
2.51649e+239
4.33494e+239
7.46741e+239
1.28634e+240
2.21587e+240
3.81708e+240
6.57535e+240
1.13268e+241
1.95116e+241
3.36109e+241
5.78985e+241
9.97367e+241
1.71807e+242
2.95957e+242
5.09819e+242
8.78221e+242
1.51283e+243
2.60602e+243
4.48916e+243
7.73308e+243
1.33211e+244
2.2947e+244
3.95288e+244
6.80928e+244
1.17297e+245
2.02058e+245
3.48067e+245
5.99584e+245
1.03285e+246
1.7792e+246
3.06487e+246
5.27957e+246
9.09465e+246
1.56665e+247
2.69874e+247
4.64887e+247
8.0082e+247
1.3795e+248
2.37634e+248
4.09352e+248
7.05154e+248
1.21471e+249
2.09246e+249
3.6045e+249
6.20916e+249
1.0696e+250
1.8425e+250
3.17391e+250
5.46741e+250
9.41821e+250
1.62239e+251
2.79475e+251
4.81427e+251
8.29311e+251
1.42858e+252
2.46089e+252
4.23915e+252
7.30241e+252
1.25792e+253
2.16691e+253
3.73274e+253
6.43006e+253
1.10765e+254
1.90805e+254
3.28683e+254
5.66192e+254
9.75329e+254
1.68011e+255
2.89418e+255
4.98555e+255
8.58816e+255
1.47941e+256
2.54844e+256
4.38997e+256
7.56221e+256
1.30267e+257
2.244e+257
3.86554e+257
6.65882e+257
1.14706e+258
1.97593e+258
3.40376e+258
5.86336e+258
1.01003e+259
1.73989e+259
2.99715e+259
5.16292e+259
8.8937e+259
1.53204e+260
2.63911e+260
4.54615e+260
7.83125e+260
1.34902e+261
2.32384e+261
4.00307e+261
6.89573e+261
1.18787e+262
2.04623e+262
3.52486e+262
6.07196e+262
1.04596e+263
1.80179e+263
3.10378e+263
5.3466e+263
9.21011e+263
1.58654e+264
2.733e+264
4.70789e+264
8.10987e+264
1.39701e+265
2.40651e+265
4.14548e+265
7.14106e+265
1.23013e+266
2.11903e+266
3.65026e+266
6.28798e+266
1.08317e+267
1.86589e+267
3.2142e+267
5.53682e+267
9.53778e+267
1.64299e+268
2.83023e+268
4.87539e+268
8.39839e+268
1.44672e+269
2.49213e+269
4.29297e+269
7.39512e+269
1.27389e+270
2.19442e+270
3.78013e+270
6.51169e+270
1.12171e+271
1.93227e+271
3.32855e+271
5.7338e+271
9.87711e+271
1.70144e+272
2.93092e+272
5.04884e+272
8.69718e+272
1.49819e+273
2.58079e+273
4.4457e+273
7.65821e+273
1.31921e+274
2.27249e+274
3.91462e+274
6.74336e+274
1.16162e+275
2.00102e+275
3.44697e+275
5.93779e+275
1.02285e+276
1.76197e+276
3.0352e+276
5.22846e+276
9.00661e+276
1.55149e+277
2.67261e+277
4.60387e+277
7.93067e+277
1.36615e+278
2.35334e+278
4.05389e+278
6.98327e+278
1.20295e+279
2.07221e+279
3.56961e+279
6.14904e+279
1.05924e+280
1.82466e+280
3.14318e+280
5.41448e+280
9.32704e+280
1.60669e+281
2.76769e+281
4.76766e+281
8.21282e+281
1.41475e+282
2.43706e+282
4.19811e+282
7.23171e+282
1.24574e+283
2.14593e+283
3.6966e+283
6.36781e+283
1.09693e+284
1.88958e+284
3.25501e+284
5.60711e+284
9.65887e+284
1.66385e+285
2.86616e+285
4.93728e+285
8.50501e+285
1.46508e+286
2.52377e+286
4.34747e+286
7.489e+286
1.29006e+287
2.22228e+287
3.82812e+287
6.59436e+287
1.13595e+288
1.9568e+288
3.37081e+288
5.80659e+288
1.00025e+289
1.72304e+289
2.96813e+289
5.11293e+289
8.8076e+289
1.51721e+290
2.61356e+290
4.50214e+290
7.75544e+290
1.33596e+291
2.30134e+291
3.96431e+291
6.82897e+291
1.17637e+292
2.02642e+292
3.49073e+292
6.01318e+292
1.03584e+293
1.78434e+293
3.07373e+293
5.29484e+293
9.12095e+293
1.57118e+294
2.70654e+294
4.66231e+294
8.03135e+294
1.38349e+295
2.38321e+295
4.10535e+295
7.07192e+295
1.21822e+296
2.09851e+296
3.61492e+296
6.22711e+296
1.07269e+297
1.84782e+297
3.18308e+297
5.48321e+297
9.44544e+297
1.62708e+298
2.80283e+298
4.82819e+298
8.31709e+298
1.43271e+299
2.468e+299
4.25141e+299
7.32352e+299
1.26156e+300
2.17317e+300
3.74353e+300
6.44865e+300
1.11085e+301
1.91357e+301
3.29633e+301
5.67829e+301
9.78149e+301
1.68497e+302
2.90255e+302
4.99996e+302
8.61299e+302
1.48368e+303
2.55581e+303
4.40266e+303
7.58407e+303
1.30644e+304
2.25049e+304
3.87672e+304
6.67808e+304
1.15037e+305
1.98164e+305
3.4136e+305
5.88031e+305
1.01295e+306
1.74492e+306
3.00581e+306
5.17784e+306
8.91941e+306
1.53647e+307
2.64674e+307
4.5593e+307
inf
-nan
