0.248402
0.0659625
0.807106
0.273684
2.48538
0.926873
7.52808
2.97798
22.6838
9.41004
68.245
29.554
205.244
92.5624
617.283
289.41
1856.8
903.687
5586.34
2818.48
16810.3
8780.94
50594.7
27328.9
152306
84972.7
458572
263957
1.38093e+06
819225
4.15923e+06
2.54043e+06
1.25292e+07
7.87157e+06
3.77487e+07
2.43715e+07
1.13749e+08
7.54027e+07
3.42814e+08
2.33125e+08
1.03332e+09
7.2028e+08
3.11508e+09
2.22402e+09
9.39216e+09
6.86298e+09
2.83218e+10
2.11659e+10
8.54147e+10
6.52408e+10
2.57633e+11
2.00989e+11
7.77185e+11
6.18882e+11
2.34478e+12
1.90473e+12
7.07508e+12
5.85947e+12
2.13507e+13
1.80173e+13
6.44384e+13
5.53783e+13
1.94503e+14
1.70142e+14
5.87161e+14
5.22537e+14
1.7727e+15
1.6042e+15
5.35256e+15
4.92319e+15
1.61634e+16
1.51037e+16
4.88147e+16
4.63212e+16
1.47439e+17
1.42016e+17
4.45368e+17
4.35274e+17
1.34545e+18
1.33371e+18
4.06499e+18
4.08544e+18
1.22827e+19
1.25112e+19
3.71166e+19
3.83042e+19
1.12172e+20
1.17242e+20
3.3903e+20
3.58772e+20
1.02478e+21
1.09762e+21
3.09789e+21
3.35727e+21
9.36561e+21
1.02667e+22
2.83168e+22
3.13893e+22
8.56226e+22
9.59502e+22
2.58922e+23
2.93242e+23
7.83042e+23
8.96038e+23
2.3683e+24
2.73746e+24
7.16344e+24
8.36169e+24
2.16691e+25
2.55368e+25
6.55531e+25
7.79775e+25
1.98325e+26
2.38069e+26
6.00061e+26
7.26727e+26
1.8157e+27
2.21807e+27
5.49444e+27
6.76891e+27
1.66278e+28
2.06539e+28
5.03239e+28
6.30125e+28
1.52315e+29
1.92219e+29
4.61044e+29
5.86289e+29
1.39563e+30
1.78803e+30
4.22498e+30
5.45238e+30
1.27911e+31
1.66245e+31
3.87272e+31
5.06832e+31
1.17261e+32
1.54502e+32
3.55071e+32
4.70931e+32
1.07523e+33
1.43528e+33
3.25623e+33
4.37398e+33
9.86172e+33
1.33283e+34
2.98686e+34
4.06099e+34
9.0469e+34
1.23723e+35
2.74037e+35
3.76907e+35
8.30119e+35
1.1481e+36
2.51475e+36
3.49696e+36
7.61852e+36
1.06504e+37
2.30817e+37
3.24348e+37
6.99339e+37
9.87693e+37
2.11898e+38
3.00748e+38
6.42078e+38
9.15697e+38
1.94567e+39
2.78786e+39
5.89615e+39
8.48717e+39
1.78685e+40
2.58361e+40
5.41534e+40
7.86435e+40
1.64128e+41
2.39372e+41
4.97459e+41
7.28546e+41
1.50782e+42
2.21726e+42
4.57047e+42
6.74764e+42
1.38544e+43
2.05335e+43
4.19983e+43
6.24816e+43
1.27319e+44
1.90116e+44
3.85984e+44
5.78447e+44
1.17021e+45
1.7599e+45
3.54789e+45
5.35414e+45
1.07571e+46
1.62882e+46
3.26161e+46
4.95492e+46
9.88972e+46
1.50724e+47
2.99882e+47
4.58467e+47
9.09352e+47
1.39449e+48
2.75757e+48
4.24138e+48
8.36247e+48
1.28997e+49
2.53604e+49
3.92318e+49
7.69112e+49
1.19311e+50
2.33258e+50
3.62831e+50
7.07448e+50
1.10335e+51
2.14568e+51
3.35514e+51
6.50801e+51
1.02021e+52
1.97398e+52
3.10212e+52
5.98754e+52
9.43215e+52
1.81621e+53
2.86781e+53
5.50926e+53
8.7192e+53
1.67121e+54
2.65088e+54
5.06967e+54
8.0592e+54
1.53794e+55
2.45008e+55
4.6656e+55
7.44832e+55
1.41542e+56
2.26425e+56
4.29412e+56
6.88302e+56
1.30278e+57
2.09229e+57
3.95256e+57
6.35998e+57
1.19921e+58
1.93321e+58
3.63846e+58
5.87613e+58
1.10395e+59
1.78605e+59
3.34959e+59
5.4286e+59
1.01635e+60
1.64995e+60
3.08389e+60
5.01472e+60
9.35759e+60
1.5241e+61
2.83947e+61
4.63201e+61
8.61624e+61
1.40773e+62
2.6146e+62
4.27817e+62
7.93415e+62
1.30014e+63
2.4077e+63
3.95108e+63
7.30653e+63
1.20069e+64
2.21731e+64
3.64873e+64
6.72897e+64
1.10878e+65
2.0421e+65
3.3693e+65
6.19744e+65
1.02383e+66
1.88085e+66
3.11106e+66
5.70822e+66
9.4533e+66
1.73242e+67
2.87244e+67
5.25789e+67
8.72798e+67
1.59579e+68
2.65198e+68
4.84335e+68
8.05786e+68
1.47001e+69
2.4483e+69
4.46171e+69
7.43879e+69
1.35421e+70
2.26014e+70
4.11034e+70
6.86693e+70
1.24759e+71
2.08634e+71
3.78681e+71
6.33873e+71
1.14942e+72
1.92581e+72
3.48889e+72
5.85088e+72
1.05901e+73
1.77756e+73
3.21455e+73
5.40035e+73
9.75759e+73
1.64065e+74
2.96189e+74
4.98429e+74
8.99084e+74
1.51422e+75
2.7292e+75
4.60011e+75
8.28465e+75
1.39747e+76
2.51488e+76
4.24537e+76
7.6342e+76
1.28969e+77
2.31747e+77
3.91785e+77
7.03505e+77
1.19017e+78
2.13562e+78
3.61548e+78
6.48313e+78
1.09829e+79
1.96811e+79
3.33632e+79
5.9747e+79
1.01348e+80
1.81379e+80
3.07863e+80
5.5063e+80
9.35185e+80
1.67161e+81
2.84076e+81
5.07476e+81
8.62914e+81
1.54063e+82
2.62119e+82
4.67717e+82
7.96206e+82
1.41994e+83
2.41852e+83
4.31084e+83
7.34636e+83
1.30875e+84
2.23147e+84
3.9733e+84
6.7781e+84
1.20628e+85
2.05884e+85
3.66227e+85
6.25364e+85
1.11187e+86
1.89951e+86
3.37567e+86
5.76963e+86
1.02487e+87
1.75248e+87
3.11156e+87
5.32297e+87
9.44692e+87
1.61679e+88
2.86817e+88
4.91078e+88
8.70806e+88
1.49158e+89
2.64387e+89
4.53042e+89
8.02714e+89
1.37604e+90
2.43716e+90
4.17944e+90
7.3996e+90
1.26942e+91
2.24665e+91
3.85559e+91
6.82124e+91
1.17105e+92
2.07106e+92
3.55677e+92
6.28819e+92
1.08028e+93
1.90923e+93
3.28105e+93
5.79688e+93
9.96527e+93
1.76007e+94
3.02666e+94
5.34404e+94
9.19256e+94
1.62259e+95
2.79195e+95
4.92664e+95
8.47964e+95
1.49587e+96
2.57541e+96
4.54191e+96
7.82191e+96
1.37906e+97
2.37563e+97
4.18728e+97
7.21509e+97
1.2714e+98
2.19131e+98
3.86038e+98
6.65527e+98
1.17215e+99
2.02128e+99
3.55905e+99
6.13882e+99
1.08066e+100
1.86441e+100
3.28128e+100
5.66237e+100
9.96321e+100
1.7197e+101
3.02522e+101
5.22285e+101
9.18575e+101
1.58621e+102
2.78917e+102
4.81739e+102
8.46905e+102
1.46306e+103
2.57156e+103
4.44337e+103
7.80835e+103
1.34946e+104
2.37095e+104
4.09834e+104
7.19925e+104
1.24467e+105
2.18601e+105
3.78007e+105
6.63773e+105
1.14801e+106
2.01552e+106
3.48649e+106
6.12005e+106
1.05884e+107
1.85834e+107
3.21568e+107
5.64279e+107
9.76595e+107
1.71342e+108
2.96589e+108
5.20279e+108
9.0073e+108
1.57983e+109
2.73548e+109
4.79714e+109
8.30751e+109
1.45665e+110
2.52295e+110
4.42314e+110
7.66205e+110
1.34309e+111
2.32691e+111
4.07833e+111
7.06668e+111
1.2384e+112
2.1461e+112
3.76042e+112
6.51754e+112
1.14187e+113
1.97932e+113
3.46732e+113
6.01103e+113
1.05287e+114
1.82549e+114
3.19708e+114
5.54385e+114
9.70809e+114
1.68361e+115
2.94791e+115
5.11296e+115
8.95151e+115
1.55275e+116
2.71818e+116
4.71553e+116
8.25395e+116
1.43205e+117
2.50637e+117
4.34897e+117
7.61078e+117
1.32073e+118
2.31107e+118
4.01089e+118
7.01776e+118
1.21805e+119
2.131e+119
3.69907e+119
6.47097e+119
1.12336e+120
1.96497e+120
3.41148e+120
5.96681e+120
1.03602e+121
1.81188e+121
3.14623e+121
5.50196e+121
9.55465e+121
1.67073e+122
2.9016e+122
5.07334e+122
8.81172e+122
1.54057e+123
2.67598e+123
4.67813e+123
8.12652e+123
1.42057e+124
2.46789e+124
4.31372e+124
7.49458e+124
1.30991e+125
2.27598e+125
3.97771e+125
6.91176e+125
1.20788e+126
2.09898e+126
3.66788e+126
6.37424e+126
1.1138e+127
1.93574e+127
3.3822e+127
5.87851e+127
1.02705e+128
1.7852e+128
3.11877e+128
5.42131e+128
9.47059e+128
1.64635e+129
2.87588e+129
4.99966e+129
8.73301e+129
1.5183e+130
2.6519e+130
4.61079e+130
8.05289e+130
1.40021e+131
2.44538e+131
4.25216e+131
7.42576e+131
1.2913e+132
2.25494e+132
3.92141e+132
6.84748e+132
1.19085e+133
2.07934e+133
3.61638e+133
6.31425e+133
1.09822e+134
1.91742e+134
3.33507e+134
5.82256e+134
1.01279e+135
1.76811e+135
3.07564e+135
5.36917e+135
9.34006e+135
1.63044e+136
2.83638e+136
4.95109e+136
8.61348e+136
1.50348e+137
2.61573e+137
4.56557e+137
7.9434e+137
1.38641e+138
2.41224e+138
4.21008e+138
7.32544e+138
1.27846e+139
2.22457e+139
3.88228e+139
6.75554e+139
1.17892e+140
2.05151e+140
3.58e+140
6.22997e+140
1.08713e+141
1.8919e+141
3.30127e+141
5.74527e+141
1.00249e+142
1.74471e+142
3.04424e+142
5.29828e+142
9.24438e+142
1.60897e+143
2.80723e+143
4.88606e+143
8.52466e+143
1.48378e+144
2.58867e+144
4.50591e+144
7.86097e+144
1.36834e+145
2.38713e+145
4.15532e+145
7.24897e+145
1.26187e+146
2.20129e+146
3.83201e+146
6.68463e+146
1.16369e+147
2.02991e+147
3.53386e+147
6.16422e+147
1.07315e+148
1.87188e+148
3.25889e+148
5.68434e+148
9.89647e+148
1.72616e+149
3.00532e+149
5.24182e+149
9.12643e+149
1.59178e+150
2.77148e+150
4.83375e+150
8.4163e+150
1.46786e+151
2.55582e+151
4.45745e+151
7.76141e+151
1.35359e+152
2.35695e+152
4.11046e+152
7.15748e+152
1.24822e+153
2.17355e+153
3.79048e+153
6.60053e+153
1.15105e+154
2.00442e+154
3.49541e+154
6.08692e+154
1.06145e+155
1.84845e+155
3.22331e+155
5.61327e+155
9.78823e+155
1.70461e+156
2.9724e+156
5.17647e+156
9.02629e+156
1.57196e+157
2.74102e+157
4.77366e+157
8.32366e+157
1.44964e+158
2.52765e+158
4.40219e+158
7.67573e+158
1.33683e+159
2.33089e+159
4.05962e+159
7.07824e+159
1.2328e+160
2.14945e+160
3.74371e+160
6.52726e+160
1.13687e+161
1.98214e+161
3.45238e+161
6.01918e+161
1.0484e+162
1.82785e+162
3.18372e+162
5.55065e+162
9.66815e+162
1.68557e+163
2.93597e+163
5.11859e+163
8.91578e+163
1.55437e+164
2.70749e+164
4.72016e+164
8.22195e+164
1.43338e+165
2.49679e+165
4.35275e+165
7.58212e+165
1.32181e+166
2.30249e+166
4.01394e+166
6.99207e+166
1.21892e+167
2.12331e+167
3.70151e+167
6.44794e+167
1.12404e+168
1.95807e+168
3.41339e+168
5.94615e+168
1.03655e+169
1.80569e+169
3.14771e+169
5.48341e+169
9.55868e+169
1.66517e+170
2.9027e+170
5.05668e+170
8.81467e+170
1.53558e+171
2.67676e+171
4.66316e+171
8.12857e+171
1.41608e+172
2.46842e+172
4.30026e+172
7.49588e+172
1.30587e+173
2.27629e+173
3.9656e+173
6.91243e+173
1.20425e+174
2.09911e+174
3.65698e+174
6.3744e+174
1.11053e+175
1.93573e+175
3.37238e+175
5.87825e+175
1.0241e+176
1.78506e+176
3.10993e+176
5.42072e+176
9.44403e+176
1.64612e+177
2.8679e+177
4.9988e+177
8.70905e+177
1.518e+178
2.64471e+178
4.60972e+178
8.03128e+178
1.39984e+179
2.43888e+179
4.25093e+179
7.40624e+179
1.29089e+180
2.24908e+180
3.92007e+180
6.82985e+180
1.19041e+181
2.07404e+181
3.61495e+181
6.29832e+181
1.09776e+182
1.91263e+182
3.33359e+182
5.80815e+182
1.01232e+183
1.76378e+183
3.07413e+183
5.35613e+183
9.33526e+183
1.62651e+184
2.83486e+184
4.93928e+184
8.60867e+184
1.49993e+185
2.61421e+185
4.55488e+185
7.93864e+185
1.38319e+186
2.41074e+186
4.20039e+186
7.32075e+186
1.27555e+187
2.22311e+187
3.87349e+187
6.75096e+187
1.17627e+188
2.05008e+188
3.57203e+188
6.22552e+188
1.08473e+189
1.89052e+189
3.29403e+189
5.74097e+189
1.00031e+190
1.74337e+190
3.03767e+190
5.29414e+190
9.22458e+190
1.60768e+191
2.80126e+191
4.88209e+191
8.50666e+191
1.48255e+192
2.58324e+192
4.50211e+192
7.84461e+192
1.36716e+193
2.3822e+193
4.1517e+193
7.23409e+193
1.26076e+194
2.1968e+194
3.82857e+194
6.67108e+194
1.16263e+195
2.02583e+195
3.53058e+195
6.15189e+195
1.07214e+196
1.86816e+196
3.25579e+196
5.6731e+196
9.88695e+196
1.72277e+197
3.00239e+197
5.23158e+197
9.11743e+197
1.58869e+198
2.76871e+198
4.82442e+198
8.40781e+198
1.46505e+199
2.55322e+199
4.44895e+199
7.75342e+199
1.35102e+200
2.3545e+200
4.1027e+200
7.14997e+200
1.24588e+201
2.17125e+201
3.78339e+201
6.59348e+201
1.14891e+202
2.00226e+202
3.48894e+202
6.0803e+202
1.0595e+203
1.84642e+203
3.2174e+203
5.60707e+203
9.77038e+203
1.70271e+204
2.967e+204
5.17067e+204
9.00997e+204
1.57019e+205
2.73608e+205
4.76823e+205
8.30874e+205
1.44798e+206
2.52314e+206
4.39712e+206
7.66209e+206
1.33528e+207
2.32677e+207
4.05489e+207
7.06576e+207
1.23136e+208
2.14568e+208
3.73929e+208
6.51585e+208
1.13552e+209
1.97869e+209
3.44826e+209
6.00873e+209
1.04714e+210
1.82469e+210
3.17988e+210
5.54108e+210
9.65643e+210
1.68268e+211
2.93239e+211
5.10983e+211
8.90487e+211
1.55172e+212
2.70416e+212
4.71214e+212
8.2118e+212
1.43095e+213
2.4937e+213
4.3454e+213
7.57267e+213
1.31958e+214
2.29961e+214
4.0072e+214
6.98329e+214
1.21688e+215
2.12063e+215
3.69533e+215
6.43978e+215
1.12217e+216
1.95558e+216
3.40773e+216
5.93857e+216
1.03483e+217
1.80338e+217
3.14251e+217
5.47637e+217
9.54294e+217
1.66302e+218
2.89793e+218
5.05015e+218
8.80022e+218
1.53359e+219
2.67239e+219
4.6571e+219
8.11531e+219
1.41423e+220
2.4644e+220
4.29463e+220
7.48371e+220
1.30416e+221
2.2726e+221
3.96038e+221
6.90126e+221
1.20266e+222
2.09573e+222
3.65215e+222
6.36415e+222
1.10906e+223
1.93262e+223
3.3679e+223
5.86883e+223
1.02274e+224
1.7822e+224
3.10578e+224
5.41207e+224
9.43139e+224
1.6435e+225
2.86406e+225
4.99085e+225
8.69735e+225
1.51559e+226
2.64115e+226
4.60242e+226
8.02044e+226
1.39763e+227
2.43559e+227
4.24422e+227
7.39621e+227
1.28885e+228
2.24603e+228
3.9139e+228
6.82056e+228
1.18854e+229
2.07122e+229
3.60928e+229
6.28972e+229
1.09604e+230
1.91002e+230
3.32838e+230
5.80019e+230
1.01074e+231
1.76136e+231
3.06933e+231
5.34877e+231
9.32072e+231
1.62427e+232
2.83045e+232
4.93247e+232
8.5953e+232
1.49786e+233
2.61016e+233
4.54858e+233
7.92634e+233
1.38128e+234
2.40701e+234
4.19457e+234
7.30944e+234
1.27378e+235
2.21968e+235
3.86811e+235
6.74055e+235
1.17464e+236
2.04692e+236
3.56705e+236
6.21594e+236
1.08322e+237
1.88761e+237
3.28943e+237
5.73216e+237
9.9891e+237
1.7407e+238
3.03342e+238
5.28603e+238
9.21165e+238
1.60522e+239
2.79733e+239
4.87462e+239
8.49471e+239
1.48029e+240
2.57961e+240
4.49524e+240
7.83357e+240
1.36508e+241
2.37884e+241
4.14538e+241
7.22389e+241
1.25884e+242
2.1937e+242
3.82275e+242
6.66166e+242
1.16086e+243
2.02296e+243
3.52522e+243
6.14318e+243
1.07051e+244
1.86552e+244
3.25086e+244
5.66506e+244
9.87197e+244
1.72032e+245
2.99785e+245
5.22415e+245
9.10364e+245
1.58643e+246
2.76453e+246
4.81756e+246
8.39511e+246
1.46296e+247
2.54937e+247
4.44261e+247
7.74173e+247
1.3491e+248
2.35095e+248
4.09685e+248
7.1392e+248
1.2441e+249
2.16798e+249
3.77799e+249
6.58356e+249
1.14727e+250
1.99925e+250
3.48395e+250
6.07117e+250
1.05798e+251
1.84365e+251
3.2128e+251
5.59865e+251
9.75639e+251
1.70016e+252
2.96275e+252
5.16291e+252
8.99705e+252
1.56784e+253
2.73216e+253
4.76109e+253
8.29682e+253
1.44581e+254
2.51952e+254
4.39054e+254
7.65108e+254
1.33329e+255
2.32342e+255
4.04882e+255
7.0556e+255
1.22952e+256
2.14259e+256
3.73371e+256
6.50647e+256
1.13383e+257
1.97584e+257
3.44312e+257
6.00007e+257
1.04558e+258
1.82206e+258
3.17514e+258
5.53309e+258
9.64204e+258
1.68025e+259
2.92802e+259
5.10245e+259
8.8916e+259
1.54948e+260
2.70014e+260
4.70533e+260
8.19958e+260
1.42888e+261
2.48999e+261
4.33912e+261
7.56141e+261
1.31767e+262
2.29619e+262
4.00141e+262
6.97291e+262
1.21512e+263
2.11748e+263
3.68998e+263
6.43022e+263
1.12055e+264
1.95268e+264
3.40279e+264
5.92976e+264
1.03333e+265
1.8007e+265
3.13795e+265
5.46825e+265
9.52911e+265
1.66056e+266
2.89373e+266
5.04266e+266
8.78747e+266
1.53132e+267
2.66851e+267
4.65019e+267
8.10354e+267
1.41214e+268
2.46082e+268
4.28827e+268
7.47285e+268
1.30223e+269
2.2693e+269
3.95452e+269
6.89124e+269
1.20088e+270
2.09268e+270
3.64674e+270
6.3549e+270
1.10742e+271
1.92981e+271
3.36292e+271
5.8603e+271
1.02123e+272
1.77961e+272
3.10118e+272
5.4042e+272
9.41745e+272
1.64111e+273
2.85982e+273
4.98359e+273
8.68449e+273
1.51338e+274
2.63724e+274
4.59572e+274
8.00859e+274
1.3956e+275
2.43199e+275
4.23804e+275
7.38528e+275
1.28698e+276
2.24271e+276
3.9082e+276
6.81049e+276
1.18681e+277
2.06816e+277
3.60402e+277
6.28044e+277
1.09444e+278
1.9072e+278
3.32353e+278
5.79164e+278
1.00926e+279
1.75876e+279
3.06486e+279
5.34088e+279
9.30714e+279
1.62188e+280
2.82632e+280
4.9252e+280
8.58277e+280
1.49565e+281
2.60635e+281
4.54187e+281
7.91478e+281
1.37924e+282
2.4035e+282
4.18838e+282
7.29877e+282
1.2719e+283
2.21644e+283
3.86241e+283
6.73071e+283
1.17291e+284
2.04393e+284
3.5618e+284
6.20687e+284
1.08162e+285
1.88486e+285
3.28458e+285
5.72379e+285
9.97438e+285
1.73816e+286
3.02895e+286
5.27831e+286
9.19809e+286
1.60288e+287
2.79321e+287
4.8675e+287
8.48221e+287
1.47813e+288
2.57581e+288
4.48867e+288
7.82204e+288
1.36309e+289
2.37534e+289
4.13932e+289
7.21326e+289
1.257e+290
2.19047e+290
3.81716e+290
6.65185e+290
1.15917e+291
2.01999e+291
3.52007e+291
6.13415e+291
1.06895e+292
1.86277e+292
3.24611e+292
5.65673e+292
9.85754e+292
1.71779e+293
2.99347e+293
5.21647e+293
9.09033e+293
1.5841e+294
2.76049e+294
4.81048e+294
8.38284e+294
1.46081e+295
2.54564e+295
4.43608e+295
7.73041e+295
1.34712e+296
2.34751e+296
4.09082e+296
7.12876e+296
1.24227e+297
2.16481e+297
3.77244e+297
6.57393e+297
1.14559e+298
1.99632e+298
3.47883e+298
6.06229e+298
1.05643e+299
1.84095e+299
3.20808e+299
5.59046e+299
9.74205e+299
1.69767e+300
2.95839e+300
5.15536e+300
8.98383e+300
1.56554e+301
2.72814e+301
4.75412e+301
8.28463e+301
1.4437e+302
2.51581e+302
4.38411e+302
7.63984e+302
1.33133e+303
2.32001e+303
4.0429e+303
7.04524e+303
1.22772e+304
2.13945e+304
3.72824e+304
6.49691e+304
1.13217e+305
1.97293e+305
3.43808e+305
5.99126e+305
1.04405e+306
1.81938e+306
3.17049e+306
5.52496e+306
9.62792e+306
1.67778e+307
inf
-nan
