-0.233929
-0.254411
-0.272512
-0.288492
-0.302586
-0.315006
-0.325944
-0.335571
-0.344038
-0.351482
-0.358023
-0.363768
-0.368813
-0.373242
-0.377129
-0.380539
-0.38353
-0.386154
-0.388454
-0.390472
-0.39224
-0.39379
-0.395148
-0.396339
-0.397383
-0.398297
-0.399098
-0.3998
-0.400415
-0.400954
-0.401426
-0.40184
-0.402202
-0.40252
-0.402798
-0.403041
-0.403254
-0.403441
-0.403605
-0.403748
-0.403874
-0.403984
-0.40408
-0.404165
-0.404239
-0.404303
-0.40436
-0.40441
-0.404453
-0.404491
-0.404525
-0.404554
-0.404579
-0.404602
-0.404622
-0.404639
-0.404654
-0.404667
-0.404679
-0.404689
-0.404698
