-0.28254
-0.309258
-0.333031
-0.354158
-0.372912
-0.38954
-0.404272
-0.417312
-0.428846
-0.439042
-0.448049
-0.456003
-0.463023
-0.469216
-0.474679
-0.479495
-0.48374
-0.487481
-0.490777
-0.49368
-0.496238
-0.49849
-0.500472
-0.502218
-0.503755
-0.505108
-0.506298
-0.507346
-0.508269
-0.50908
-0.509795
-0.510423
-0.510976
-0.511463
-0.511891
-0.512267
-0.512599
-0.51289
-0.513147
-0.513373
-0.513571
-0.513746
-0.5139
-0.514035
-0.514154
-0.514258
-0.51435
-0.514431
-0.514503
-0.514565
-0.51462
-0.514669
-0.514712
-0.514749
-0.514782
-0.514811
-0.514837
-0.514859
-0.514879
-0.514896
-0.514912
-0.514925
-0.514937
-0.514947
-0.514956
