-0.334661
-0.368532
-0.398865
-0.425985
-0.450199
-0.471791
-0.491024
-0.508137
-0.52335
-0.536864
-0.54886
-0.559501
-0.568936
-0.577296
-0.584702
-0.591259
-0.597063
-0.602199
-0.606743
-0.610761
-0.614314
-0.617456
-0.620233
-0.622688
-0.624857
-0.626773
-0.628467
-0.629963
-0.631285
-0.632453
-0.633484
-0.634395
-0.6352
-0.63591
-0.636538
-0.637092
-0.637582
-0.638014
-0.638396
-0.638733
-0.639031
-0.639293
-0.639526
-0.63973
-0.639911
-0.640071
-0.640212
-0.640337
-0.640447
-0.640544
-0.64063
-0.640706
-0.640773
-0.640832
-0.640884
-0.64093
-0.64097
-0.641006
-0.641038
-0.641066
-0.641091
-0.641113
-0.641132
-0.641149
-0.641164
-0.641177
-0.641189
-0.641199
-0.641208
