-0.147339
-0.158098
-0.167449
-0.17557
-0.182618
-0.18873
-0.194029
-0.198621
-0.202598
-0.206041
-0.209022
-0.211601
-0.213833
-0.215763
-0.217432
-0.218876
-0.220124
-0.221203
-0.222135
-0.222942
-0.223638
-0.22424
-0.224761
-0.22521
-0.225599
-0.225935
-0.226225
-0.226475
-0.226692
-0.226879
-0.227041
-0.22718
-0.227301
-0.227405
-0.227495
-0.227573
-0.22764
-0.227698
-0.227749
-0.227792
-0.227829
-0.227862
-0.22789
-0.227914
-0.227935
-0.227953
-0.227968
-0.227981
-0.227993
-0.228003
-0.228012
