-0.258814
-0.28244
-0.303334
-0.321784
-0.338052
-0.352381
-0.364986
-0.376066
-0.385797
-0.394337
-0.401826
-0.408391
-0.414143
-0.419179
-0.423588
-0.427446
-0.430822
-0.433774
-0.436355
-0.438612
-0.440585
-0.442309
-0.443816
-0.445132
-0.446282
-0.447287
-0.448165
-0.448932
-0.449601
-0.450186
-0.450697
-0.451143
-0.451532
-0.451873
-0.45217
-0.452429
-0.452655
-0.452853
-0.453026
-0.453177
-0.453308
-0.453423
-0.453524
-0.453611
-0.453688
-0.453754
-0.453813
-0.453864
-0.453908
-0.453947
-0.453981
-0.45401
-0.454036
-0.454059
-0.454078
-0.454096
-0.454111
-0.454124
-0.454135
-0.454145
