-0.181828
-0.196282
-0.208923
-0.219968
-0.22961
-0.23802
-0.245351
-0.251737
-0.257298
-0.262137
-0.266347
-0.270008
-0.27319
-0.275956
-0.27836
-0.280448
-0.282262
-0.283837
-0.285205
-0.286392
-0.287423
-0.288318
-0.289095
-0.289769
-0.290355
-0.290862
-0.291303
-0.291686
-0.292017
-0.292305
-0.292555
-0.292772
-0.29296
-0.293123
-0.293265
-0.293388
-0.293494
-0.293587
-0.293667
-0.293737
-0.293797
-0.293849
-0.293895
-0.293934
-0.293968
-0.293998
-0.294024
-0.294046
-0.294066
-0.294082
-0.294097
-0.29411
-0.294121
-0.29413
