0.04959
0.134466
0.279736
0.528372
0.953928
1.68229
2.92892
5.06259
8.71449
14.9649
25.6628
43.9729
75.3116
128.949
220.753
377.881
646.813
1107.11
1894.92
3243.31
5551.14
9501.13
16261.7
27832.9
47637.6
81534.3
139550
238848
408801
699686
1.19755e+06
2.04967e+06
3.50812e+06
6.00434e+06
1.02768e+07
1.75892e+07
3.01049e+07
5.15261e+07
8.81898e+07
1.50942e+08
2.58345e+08
4.42171e+08
7.56799e+08
1.2953e+09
2.21698e+09
3.79448e+09
6.49445e+09
1.11156e+10
1.9025e+10
3.25622e+10
5.5732e+10
9.53884e+10
1.63262e+11
2.79432e+11
4.78263e+11
8.18574e+11
1.40103e+12
2.39794e+12
4.10421e+12
7.02457e+12
1.20229e+13
2.05779e+13
3.52202e+13
6.02812e+13
1.03175e+14
1.76589e+14
3.02241e+14
5.17302e+14
8.85391e+14
1.51539e+15
2.59368e+15
4.43922e+15
7.59797e+15
1.30043e+16
2.22576e+16
3.80951e+16
6.52018e+16
1.11596e+17
1.91003e+17
3.26912e+17
5.59528e+17
9.57662e+17
1.63909e+18
2.80539e+18
4.80158e+18
8.21816e+18
1.40658e+19
2.40744e+19
4.12047e+19
7.0524e+19
1.20706e+20
2.06594e+20
3.53597e+20
6.052e+20
1.03583e+21
1.77288e+21
3.03439e+21
5.19352e+21
8.88898e+21
1.5214e+22
2.60395e+22
4.45681e+22
7.62806e+22
1.30558e+23
2.23458e+23
3.8246e+23
6.54601e+23
1.12038e+24
1.9176e+24
3.28207e+24
5.61744e+24
9.61456e+24
1.64558e+25
2.8165e+25
4.8206e+25
8.25071e+25
1.41215e+26
2.41698e+26
4.13679e+26
7.08034e+26
1.21184e+27
2.07413e+27
3.54998e+27
6.07598e+27
1.03994e+28
1.77991e+28
3.04641e+28
5.21409e+28
8.92419e+28
1.52742e+29
2.61427e+29
4.47446e+29
7.65828e+29
1.31076e+30
2.24343e+30
3.83975e+30
6.57194e+30
1.12482e+31
1.92519e+31
3.29507e+31
5.6397e+31
9.65264e+31
1.6521e+32
2.82766e+32
4.83969e+32
8.2834e+32
1.41775e+33
2.42655e+33
4.15317e+33
7.10838e+33
1.21664e+34
2.08234e+34
3.56404e+34
6.10004e+34
1.04406e+35
1.78696e+35
3.05847e+35
5.23474e+35
8.95954e+35
1.53347e+36
2.62462e+36
4.49218e+36
7.68861e+36
1.31595e+37
2.25232e+37
3.85496e+37
6.59797e+37
1.12928e+38
1.93282e+38
3.30813e+38
5.66204e+38
9.69088e+38
1.65865e+39
2.83886e+39
4.85887e+39
8.31621e+39
1.42336e+40
2.43616e+40
4.16963e+40
7.13654e+40
1.22146e+41
2.09059e+41
3.57816e+41
6.12421e+41
1.04819e+42
1.79404e+42
3.07059e+42
5.25548e+42
8.99503e+42
1.53955e+43
2.63502e+43
4.50998e+43
7.71907e+43
1.32116e+44
2.26124e+44
3.87023e+44
6.62411e+44
1.13375e+45
1.94048e+45
3.32123e+45
5.68446e+45
9.72927e+45
1.66522e+46
2.85011e+46
4.87811e+46
8.34915e+46
1.429e+47
2.44581e+47
4.18614e+47
7.16481e+47
1.2263e+48
2.09887e+48
3.59233e+48
6.14847e+48
1.05234e+49
1.80114e+49
3.08275e+49
5.2763e+49
9.03066e+49
1.54565e+50
2.64546e+50
4.52784e+50
7.74965e+50
1.32639e+51
2.27019e+51
3.88556e+51
6.65034e+51
1.13824e+52
1.94816e+52
3.33439e+52
5.70698e+52
9.76781e+52
1.67181e+53
2.8614e+53
4.89744e+53
8.38222e+53
1.43466e+54
2.4555e+54
4.20272e+54
7.19319e+54
1.23115e+55
2.10718e+55
3.60656e+55
6.17282e+55
1.05651e+56
1.80828e+56
3.09496e+56
5.2972e+56
9.06644e+56
1.55177e+57
2.65594e+57
4.54578e+57
7.78034e+57
1.33165e+58
2.27919e+58
3.90095e+58
6.67669e+58
1.14275e+59
1.95588e+59
3.34759e+59
5.72959e+59
9.8065e+59
1.67843e+60
2.87273e+60
4.91683e+60
8.41543e+60
1.44035e+61
2.46523e+61
4.21937e+61
7.22168e+61
1.23603e+62
2.11553e+62
3.62085e+62
6.19727e+62
1.0607e+63
1.81544e+63
3.10722e+63
5.31818e+63
9.10235e+63
1.55792e+64
2.66646e+64
4.56379e+64
7.81116e+64
1.33692e+65
2.28822e+65
3.9164e+65
6.70314e+65
1.14728e+66
1.96363e+66
3.36085e+66
5.75228e+66
9.84534e+66
1.68508e+67
2.88411e+67
4.93631e+67
8.44876e+67
1.44605e+68
2.47499e+68
4.23609e+68
7.25029e+68
1.24093e+69
2.12391e+69
3.63519e+69
6.22182e+69
1.0649e+70
1.82263e+70
3.11953e+70
5.33925e+70
9.13841e+70
1.56409e+71
2.67702e+71
4.58186e+71
7.84211e+71
1.34222e+72
2.29728e+72
3.93192e+72
6.72969e+72
1.15182e+73
1.97141e+73
3.37417e+73
5.77507e+73
9.88434e+73
1.69176e+74
2.89554e+74
4.95586e+74
8.48223e+74
1.45178e+75
2.4848e+75
4.25287e+75
7.27901e+75
1.24584e+76
2.13233e+76
3.64959e+76
6.24647e+76
1.06912e+77
1.82985e+77
3.13189e+77
5.36039e+77
9.1746e+77
1.57028e+78
2.68762e+78
4.60001e+78
7.87317e+78
1.34754e+79
2.30638e+79
3.94749e+79
6.75635e+79
1.15638e+80
1.97922e+80
3.38753e+80
5.79795e+80
9.9235e+80
1.69846e+81
2.90701e+81
4.9755e+81
8.51583e+81
1.45753e+82
2.49464e+82
4.26971e+82
7.30784e+82
1.25078e+83
2.14077e+83
3.66405e+83
6.27121e+83
1.07335e+84
1.8371e+84
3.14429e+84
5.38163e+84
9.21095e+84
1.5765e+85
2.69827e+85
4.61823e+85
7.90436e+85
1.35287e+86
2.31552e+86
3.96313e+86
6.78311e+86
1.16097e+87
1.98706e+87
3.40095e+87
5.82091e+87
9.9628e+87
1.70519e+88
2.91852e+88
4.9952e+88
8.54956e+88
1.4633e+89
2.50452e+89
4.28663e+89
7.33679e+89
1.25573e+90
2.14925e+90
3.67856e+90
6.29605e+90
1.0776e+91
1.84438e+91
3.15675e+91
5.40295e+91
9.24743e+91
1.58275e+92
2.70896e+92
4.63653e+92
7.93567e+92
1.35823e+93
2.32469e+93
3.97883e+93
6.80998e+93
1.16556e+94
1.99493e+94
3.41442e+94
5.84397e+94
1.00023e+95
1.71194e+95
2.93008e+95
5.01499e+95
8.58343e+95
1.4691e+96
2.51444e+96
4.30361e+96
7.36585e+96
1.26071e+97
2.15777e+97
3.69313e+97
6.32099e+97
1.08187e+98
1.85168e+98
3.16925e+98
5.42435e+98
9.28406e+98
1.58902e+99
2.71969e+99
4.65489e+99
7.9671e+99
1.36361e+100
2.3339e+100
3.99459e+100
6.83695e+100
1.17018e+101
2.00283e+101
3.42795e+101
5.86712e+101
1.00419e+102
1.71872e+102
2.94169e+102
5.03486e+102
8.61743e+102
1.47492e+103
2.5244e+103
4.32065e+103
7.39503e+103
1.2657e+104
2.16631e+104
3.70776e+104
6.34603e+104
1.08616e+105
1.85902e+105
3.18181e+105
5.44584e+105
9.32084e+105
1.59531e+106
2.73046e+106
4.67333e+106
7.99866e+106
1.36901e+107
2.34314e+107
4.01041e+107
6.86404e+107
1.17482e+108
2.01076e+108
3.44153e+108
5.89036e+108
1.00817e+109
1.72553e+109
2.95334e+109
5.0548e+109
8.65156e+109
1.48076e+110
2.5344e+110
4.33777e+110
7.42432e+110
1.27071e+111
2.17489e+111
3.72245e+111
6.37117e+111
1.09046e+112
1.86638e+112
3.19441e+112
5.46741e+112
9.35776e+112
1.60163e+113
2.74128e+113
4.69185e+113
8.03035e+113
1.37444e+114
2.35242e+114
4.0263e+114
6.89123e+114
1.17947e+115
2.01873e+115
3.45516e+115
5.91369e+115
1.01216e+116
1.73237e+116
2.96504e+116
5.07482e+116
8.68583e+116
1.48663e+117
2.54444e+117
4.35495e+117
7.45373e+117
1.27575e+118
2.18351e+118
3.73719e+118
6.39641e+118
1.09478e+119
1.87377e+119
3.20706e+119
5.48906e+119
9.39483e+119
1.60798e+120
2.75214e+120
4.71043e+120
8.06216e+120
1.37988e+121
2.36174e+121
4.04225e+121
6.91852e+121
1.18414e+122
2.02672e+122
3.46885e+122
5.93712e+122
1.01617e+123
1.73923e+123
2.97678e+123
5.09493e+123
8.72024e+123
1.49252e+124
2.55452e+124
4.3722e+124
7.48326e+124
1.2808e+125
2.19216e+125
3.752e+125
6.42174e+125
1.09912e+126
1.8812e+126
3.21977e+126
5.51081e+126
9.43204e+126
1.61435e+127
2.76304e+127
4.72909e+127
8.09409e+127
1.38535e+128
2.3711e+128
4.05826e+128
6.94593e+128
1.18883e+129
2.03475e+129
3.48259e+129
5.96064e+129
1.02019e+130
1.74612e+130
2.98858e+130
5.11511e+130
8.75478e+130
1.49843e+131
2.56464e+131
4.38952e+131
7.5129e+131
1.28587e+132
2.20084e+132
3.76686e+132
6.44718e+132
1.10347e+133
1.88865e+133
3.23252e+133
5.53264e+133
9.46941e+133
1.62074e+134
2.77398e+134
4.74782e+134
8.12615e+134
1.39083e+135
2.38049e+135
4.07433e+135
6.97344e+135
1.19354e+136
2.04281e+136
3.49638e+136
5.98425e+136
1.02424e+137
1.75304e+137
3.00041e+137
5.13537e+137
8.78946e+137
1.50436e+138
2.5748e+138
4.40691e+138
7.54266e+138
1.29097e+139
2.20956e+139
3.78178e+139
6.47272e+139
1.10784e+140
1.89613e+140
3.24533e+140
5.55455e+140
9.50692e+140
1.62716e+141
2.78497e+141
4.76663e+141
8.15834e+141
1.39634e+142
2.38992e+142
4.09047e+142
7.00107e+142
1.19827e+143
2.0509e+143
3.51023e+143
6.00795e+143
1.02829e+144
1.75998e+144
3.0123e+144
5.15571e+144
8.82428e+144
1.51032e+145
2.585e+145
4.42436e+145
7.57254e+145
1.29608e+146
2.21831e+146
3.79676e+146
6.49836e+146
1.11223e+147
1.90364e+147
3.25818e+147
5.57656e+147
9.54457e+147
1.63361e+148
2.796e+148
4.78551e+148
8.19066e+148
1.40188e+149
2.39939e+149
4.10668e+149
7.0288e+149
1.20302e+150
2.05903e+150
3.52414e+150
6.03175e+150
1.03237e+151
1.76695e+151
3.02423e+151
5.17614e+151
8.85923e+151
1.51631e+152
2.59524e+152
4.44189e+152
7.60253e+152
1.30121e+153
2.2271e+153
3.8118e+153
6.5241e+153
1.11664e+154
1.91118e+154
3.27109e+154
5.59865e+154
9.58238e+154
1.64008e+155
2.80708e+155
4.80447e+155
8.2231e+155
1.40743e+156
2.40889e+156
4.12294e+156
7.05664e+156
1.20778e+157
2.06718e+157
3.5381e+157
6.05564e+157
1.03646e+158
1.77395e+158
3.03621e+158
5.19664e+158
8.89433e+158
1.52231e+159
2.60552e+159
4.45949e+159
7.63265e+159
1.30637e+160
2.23592e+160
3.8269e+160
6.54994e+160
1.12106e+161
1.91875e+161
3.28405e+161
5.62082e+161
9.62034e+161
1.64657e+162
2.8182e+162
4.8235e+162
8.25568e+162
1.413e+163
2.41843e+163
4.13928e+163
7.08459e+163
1.21257e+164
2.07537e+164
3.55211e+164
6.07963e+164
1.04056e+165
1.78098e+165
3.04824e+165
5.21722e+165
8.92956e+165
1.52834e+166
2.61584e+166
4.47715e+166
7.66288e+166
1.31154e+167
2.24478e+167
3.84206e+167
6.57589e+167
1.1255e+168
1.92635e+168
3.29706e+168
5.64309e+168
9.65845e+168
1.6531e+169
2.82936e+169
4.8426e+169
8.28838e+169
1.4186e+170
2.42801e+170
4.15567e+170
7.11266e+170
1.21737e+171
2.08359e+171
3.56618e+171
6.10371e+171
1.04468e+172
1.78803e+172
3.06031e+172
5.23789e+172
8.96493e+172
1.5344e+173
2.6262e+173
4.49489e+173
7.69324e+173
1.31674e+174
2.25367e+174
3.85728e+174
6.60194e+174
1.12996e+175
1.93398e+175
3.31012e+175
5.66544e+175
9.69671e+175
1.65964e+176
2.84057e+176
4.86179e+176
8.32121e+176
1.42422e+177
2.43763e+177
4.17213e+177
7.14083e+177
1.22219e+178
2.09185e+178
3.58031e+178
6.12789e+178
1.04882e+179
1.79511e+179
3.07244e+179
5.25864e+179
9.00044e+179
1.54047e+180
2.6366e+180
4.51269e+180
7.72371e+180
1.32196e+181
2.2626e+181
3.87256e+181
6.62809e+181
1.13443e+182
1.94164e+182
3.32323e+182
5.68788e+182
9.73512e+182
1.66622e+183
2.85182e+183
4.88105e+183
8.35417e+183
1.42986e+184
2.44729e+184
4.18866e+184
7.16912e+184
1.22703e+185
2.10013e+185
3.59449e+185
6.15216e+185
1.05298e+186
1.80223e+186
3.08461e+186
5.27947e+186
9.03609e+186
1.54658e+187
2.64705e+187
4.53057e+187
7.75431e+187
1.32719e+188
2.27156e+188
3.8879e+188
6.65434e+188
1.13893e+189
1.94933e+189
3.33639e+189
5.71041e+189
9.77368e+189
1.67282e+190
2.86312e+190
4.90038e+190
8.38727e+190
1.43553e+191
2.45698e+191
4.20525e+191
7.19752e+191
1.23189e+192
2.10845e+192
3.60873e+192
6.17653e+192
1.05715e+193
1.80936e+193
3.09682e+193
5.30038e+193
9.07189e+193
1.5527e+194
2.65753e+194
4.54851e+194
7.78502e+194
1.33245e+195
2.28056e+195
3.9033e+195
6.6807e+195
1.14344e+196
1.95706e+196
3.34961e+196
5.73303e+196
9.8124e+196
1.67944e+197
2.87446e+197
4.91979e+197
8.42049e+197
1.44121e+198
2.46671e+198
4.22191e+198
7.22603e+198
1.23677e+199
2.1168e+199
3.62302e+199
6.201e+199
1.06133e+200
1.81653e+200
3.10909e+200
5.32138e+200
9.10782e+200
1.55885e+201
2.66806e+201
4.56653e+201
7.81586e+201
1.33773e+202
2.28959e+202
3.91876e+202
6.70717e+202
1.14797e+203
1.96481e+203
3.36288e+203
5.75574e+203
9.85126e+203
1.6861e+204
2.88585e+204
4.93928e+204
8.45384e+204
1.44692e+205
2.47648e+205
4.23863e+205
7.25465e+205
1.24167e+206
2.12519e+206
3.63738e+206
6.22556e+206
1.06554e+207
1.82373e+207
3.12141e+207
5.34246e+207
9.1439e+207
1.56503e+208
2.67863e+208
4.58462e+208
7.84682e+208
1.34303e+209
2.29866e+209
3.93428e+209
6.73374e+209
1.15252e+210
1.97259e+210
3.3762e+210
5.77854e+210
9.89029e+210
1.69278e+211
2.89728e+211
4.95885e+211
8.48733e+211
1.45265e+212
2.48629e+212
4.25542e+212
7.28339e+212
1.24659e+213
2.13361e+213
3.65178e+213
6.25023e+213
1.06976e+214
1.83095e+214
3.13377e+214
5.36362e+214
9.18012e+214
1.57123e+215
2.68924e+215
4.60278e+215
7.8779e+215
1.34835e+216
2.30777e+216
3.94987e+216
6.76041e+216
1.15708e+217
1.98041e+217
3.38957e+217
5.80143e+217
9.92946e+217
1.69948e+218
2.90875e+218
4.97849e+218
8.52095e+218
1.45841e+219
2.49614e+219
4.27228e+219
7.31224e+219
1.25153e+220
2.14206e+220
3.66625e+220
6.27498e+220
1.074e+221
1.8382e+221
3.14619e+221
5.38487e+221
9.21649e+221
1.57745e+222
2.69989e+222
4.62101e+222
7.90911e+222
1.35369e+223
2.31691e+223
3.96551e+223
6.78719e+223
1.16166e+224
1.98825e+224
3.403e+224
5.82441e+224
9.9688e+224
1.70621e+225
2.92028e+225
4.99821e+225
8.5547e+225
1.46418e+226
2.50603e+226
4.2892e+226
7.3412e+226
1.25649e+227
2.15054e+227
3.68077e+227
6.29984e+227
1.07825e+228
1.84549e+228
3.15865e+228
5.4062e+228
9.25299e+228
1.5837e+229
2.71059e+229
4.63932e+229
7.94044e+229
1.35905e+230
2.32609e+230
3.98122e+230
6.81407e+230
1.16627e+231
1.99613e+231
3.41648e+231
5.84748e+231
1.00083e+232
1.71297e+232
2.93184e+232
5.01801e+232
8.58859e+232
1.46998e+233
2.51596e+233
4.30619e+233
7.37028e+233
1.26146e+234
2.15906e+234
3.69535e+234
6.32479e+234
1.08252e+235
1.8528e+235
3.17116e+235
5.42761e+235
9.28965e+235
1.58997e+236
2.72132e+236
4.65769e+236
7.97189e+236
1.36443e+237
2.3353e+237
3.99699e+237
6.84107e+237
1.17089e+238
2.00403e+238
3.43001e+238
5.87065e+238
1.00479e+239
1.71976e+239
2.94346e+239
5.03789e+239
8.62261e+239
1.47581e+240
2.52592e+240
4.32325e+240
7.39948e+240
1.26646e+241
2.16762e+241
3.70999e+241
6.34985e+241
1.08681e+242
1.86014e+242
3.18372e+242
5.44911e+242
9.32645e+242
1.59627e+243
2.7321e+243
4.67614e+243
8.00347e+243
1.36984e+244
2.34455e+244
4.01282e+244
6.86816e+244
1.17552e+245
2.01197e+245
3.4436e+245
5.8939e+245
1.00877e+246
1.72657e+246
2.95512e+246
5.05784e+246
8.65677e+246
1.48165e+247
2.53593e+247
4.34038e+247
7.42879e+247
1.27148e+248
2.1762e+248
3.72469e+248
6.375e+248
1.09112e+249
1.8675e+249
3.19633e+249
5.4707e+249
9.36339e+249
1.60259e+250
2.74293e+250
4.69467e+250
8.03518e+250
1.37526e+251
2.35384e+251
4.02872e+251
6.89537e+251
1.18018e+252
2.01994e+252
3.45724e+252
5.91725e+252
1.01277e+253
1.73341e+253
2.96682e+253
5.07788e+253
8.69106e+253
1.48752e+254
2.54597e+254
4.35757e+254
7.45822e+254
1.27651e+255
2.18482e+255
3.73944e+255
6.40025e+255
1.09544e+256
1.8749e+256
3.20899e+256
5.49237e+256
9.40048e+256
1.60894e+257
2.75379e+257
4.71326e+257
8.067e+257
1.38071e+258
2.36316e+258
4.04468e+258
6.92268e+258
1.18485e+259
2.02794e+259
3.47093e+259
5.94069e+259
1.01678e+260
1.74028e+260
2.97857e+260
5.09799e+260
8.72549e+260
1.49341e+261
2.55606e+261
4.37483e+261
7.48776e+261
1.28157e+262
2.19348e+262
3.75425e+262
6.42561e+262
1.09978e+263
1.88233e+263
3.22171e+263
5.51412e+263
9.43772e+263
1.61532e+264
2.7647e+264
4.73193e+264
8.09896e+264
1.38618e+265
2.37252e+265
4.0607e+265
6.95011e+265
1.18955e+266
2.03598e+266
3.48468e+266
5.96422e+266
1.02081e+267
1.74717e+267
2.99037e+267
5.11818e+267
8.76005e+267
1.49933e+268
2.56618e+268
4.39216e+268
7.51742e+268
1.28665e+269
2.20217e+269
3.76912e+269
6.45106e+269
1.10413e+270
1.88978e+270
3.23447e+270
5.53596e+270
9.4751e+270
1.62171e+271
2.77565e+271
4.75068e+271
8.13104e+271
1.39167e+272
2.38192e+272
4.07679e+272
6.97764e+272
1.19426e+273
2.04404e+273
3.49849e+273
5.98785e+273
1.02485e+274
1.75409e+274
3.00222e+274
5.13846e+274
8.79475e+274
1.50527e+275
2.57635e+275
4.40956e+275
7.5472e+275
1.29174e+276
2.21089e+276
3.78405e+276
6.47661e+276
1.10851e+277
1.89727e+277
3.24728e+277
5.55789e+277
9.51263e+277
1.62814e+278
2.78665e+278
4.7695e+278
8.16325e+278
1.39718e+279
2.39136e+279
4.09293e+279
7.00528e+279
1.19899e+280
2.05214e+280
3.51234e+280
6.01157e+280
1.02891e+281
1.76104e+281
3.01411e+281
5.15881e+281
8.82959e+281
1.51123e+282
2.58655e+282
4.42703e+282
7.57709e+282
1.29686e+283
2.21965e+283
3.79904e+283
6.50227e+283
1.1129e+284
1.90479e+284
3.26014e+284
5.57991e+284
9.55032e+284
1.63459e+285
2.79769e+285
4.78839e+285
8.19559e+285
1.40272e+286
2.40083e+286
4.10915e+286
7.03303e+286
1.20374e+287
2.06027e+287
3.52626e+287
6.03538e+287
1.03299e+288
1.76801e+288
3.02605e+288
5.17925e+288
8.86456e+288
1.51722e+289
2.5968e+289
4.44456e+289
7.60711e+289
1.302e+290
2.22844e+290
3.81409e+290
6.52802e+290
1.11731e+291
1.91233e+291
3.27306e+291
5.60201e+291
9.58815e+291
1.64106e+292
2.80877e+292
4.80736e+292
8.22805e+292
1.40827e+293
2.41034e+293
4.12542e+293
7.06089e+293
1.20851e+294
2.06843e+294
3.54022e+294
6.05929e+294
1.03708e+295
1.77502e+295
3.03804e+295
5.19976e+295
8.89968e+295
1.52323e+296
2.60709e+296
4.46217e+296
7.63724e+296
1.30715e+297
2.23727e+297
3.8292e+297
6.55388e+297
1.12173e+298
1.91991e+298
3.28602e+298
5.6242e+298
9.62613e+298
1.64756e+299
2.81989e+299
4.8264e+299
8.26064e+299
1.41385e+300
2.41989e+300
4.14177e+300
7.08885e+300
1.2133e+301
2.07662e+301
3.55425e+301
6.08329e+301
1.04119e+302
1.78205e+302
3.05007e+302
5.22036e+302
8.93493e+302
1.52926e+303
2.61741e+303
4.47984e+303
7.66749e+303
1.31233e+304
2.24613e+304
3.84437e+304
6.57984e+304
1.12618e+305
1.92751e+305
3.29904e+305
5.64648e+305
9.66426e+305
1.65409e+306
2.83106e+306
4.84552e+306
8.29336e+306
1.41945e+307
2.42947e+307
inf
-nan
