-0.219048
-0.23779
-0.254278
-0.268763
-0.281476
-0.29262
-0.302383
-0.310928
-0.318402
-0.324936
-0.330644
-0.33563
-0.339982
-0.343781
-0.347094
-0.349984
-0.352505
-0.354702
-0.356617
-0.358286
-0.35974
-0.361007
-0.362111
-0.363073
-0.363911
-0.364641
-0.365276
-0.36583
-0.366312
-0.366731
-0.367097
-0.367415
-0.367692
-0.367933
-0.368144
-0.368326
-0.368486
-0.368624
-0.368745
-0.36885
-0.368942
-0.369021
-0.369091
-0.369151
-0.369204
-0.369249
-0.369289
-0.369324
-0.369354
-0.36938
-0.369403
-0.369423
-0.369441
-0.369456
-0.369469
-0.36948
-0.36949
