-0.148146
-0.15886
-0.168184
-0.176293
-0.183341
-0.189465
-0.194784
-0.199402
-0.20341
-0.206887
-0.209904
-0.212521
-0.21479
-0.216758
-0.218464
-0.219942
-0.221224
-0.222335
-0.223297
-0.224132
-0.224854
-0.225481
-0.226023
-0.226493
-0.226901
-0.227253
-0.227559
-0.227824
-0.228053
-0.228252
-0.228424
-0.228573
-0.228702
-0.228814
-0.228911
-0.228995
-0.229068
-0.229131
-0.229185
-0.229233
-0.229273
-0.229309
-0.22934
-0.229366
-0.229389
-0.229409
-0.229426
-0.229441
-0.229454
-0.229466
-0.229475
