2.75607
4.21174
13.6676
20.1484
53.4894
81.931
202.047
324.305
764.482
1280.02
2915.17
5055.07
11195.9
19968
43233.3
78846.4
167618
311119
651776
1.22667e+06
2.53996e+06
4.83279e+06
9.91444e+06
1.90271e+07
3.87482e+07
7.48678e+07
1.51583e+08
2.94448e+08
5.93431e+08
1.15757e+09
2.32454e+09
4.54937e+09
9.10957e+09
1.78748e+10
3.57116e+10
7.02168e+10
1.40035e+11
2.75784e+11
5.49233e+11
1.08303e+12
2.15451e+12
4.25271e+12
8.4527e+12
1.66976e+13
3.31655e+13
6.55565e+13
1.30141e+14
2.57367e+14
5.107e+14
1.01035e+15
2.00419e+15
3.96623e+15
7.86556e+15
1.55694e+16
3.08698e+16
6.11163e+16
1.21157e+17
2.39903e+17
4.7552e+17
9.41688e+17
1.86637e+18
3.69636e+18
7.32537e+18
1.45091e+19
2.87519e+19
5.69509e+19
1.12851e+20
2.23542e+20
4.42944e+20
8.7744e+20
1.73857e+21
3.44408e+21
6.82399e+21
1.35185e+22
2.67846e+22
5.30619e+22
1.05131e+23
2.08275e+23
4.12649e+23
8.17503e+23
1.61968e+24
3.2088e+24
6.3574e+24
1.25949e+25
2.49534e+25
4.94363e+25
9.79443e+25
1.94043e+26
3.84441e+26
7.6164e+26
1.50897e+27
2.98952e+27
5.92285e+27
1.17342e+28
2.32478e+28
4.60579e+28
9.12498e+28
1.80782e+29
3.58165e+29
7.09589e+29
1.40583e+30
2.78521e+30
5.51804e+30
1.09322e+31
2.16589e+31
4.29102e+31
8.50132e+31
1.68427e+32
3.33686e+32
6.61093e+32
1.30975e+33
2.59486e+33
5.1409e+33
1.01851e+34
2.01786e+34
3.99775e+34
7.9203e+34
1.56916e+35
3.1088e+35
6.15911e+35
1.22024e+36
2.41751e+36
4.78955e+36
9.48899e+36
1.87995e+37
3.72453e+37
7.37899e+37
1.46192e+38
2.89633e+38
5.73817e+38
1.13684e+39
2.25229e+39
4.46221e+39
8.84047e+39
1.75146e+40
3.46998e+40
6.87467e+40
1.362e+41
2.69838e+41
5.346e+41
1.05914e+42
2.09836e+42
4.15724e+42
8.23627e+42
1.63176e+43
3.23282e+43
6.40483e+43
1.26892e+44
2.51396e+44
4.98063e+44
9.86755e+44
1.95495e+45
3.87312e+45
7.67337e+45
1.52024e+46
3.01188e+46
5.96709e+46
1.18219e+47
2.34214e+47
4.64023e+47
9.19316e+47
1.82134e+48
3.60841e+48
7.14894e+48
1.41634e+49
2.80603e+49
5.55927e+49
1.1014e+50
2.18207e+50
4.32309e+50
8.56486e+50
1.69686e+51
3.36179e+51
6.66035e+51
1.31954e+52
2.61425e+52
5.17933e+52
1.02612e+53
2.03294e+53
4.02763e+53
7.9795e+53
1.58089e+54
3.13203e+54
6.20515e+54
1.22936e+55
2.43558e+55
4.82535e+55
9.55992e+55
1.894e+56
3.75237e+56
7.43414e+56
1.47284e+57
2.91798e+57
5.78106e+57
