-0.18905
-0.204204
-0.217497
-0.229149
-0.239354
-0.248287
-0.256103
-0.262937
-0.26891
-0.274129
-0.278688
-0.282669
-0.286144
-0.289176
-0.291823
-0.294132
-0.296146
-0.297903
-0.299435
-0.300771
-0.301936
-0.302952
-0.303837
-0.304609
-0.305282
-0.305869
-0.30638
-0.306826
-0.307214
-0.307553
-0.307848
-0.308105
-0.308329
-0.308524
-0.308695
-0.308843
-0.308972
-0.309085
-0.309183
-0.309268
-0.309343
-0.309408
-0.309464
-0.309514
-0.309557
-0.309594
-0.309627
-0.309655
-0.30968
-0.309702
-0.30972
-0.309737
-0.309751
-0.309764
-0.309774
-0.309784
