-0.37547
-0.425686
-0.468141
-0.504072
-0.534508
-0.560307
-0.582188
-0.600755
-0.616515
-0.629898
-0.641265
-0.650921
-0.659127
-0.6661
-0.672027
-0.677065
-0.681348
-0.68499
-0.688086
-0.690719
-0.692958
-0.694862
-0.696482
-0.697859
-0.69903
-0.700026
-0.700873
-0.701594
-0.702207
-0.702728
-0.703172
-0.703549
-0.70387
-0.704143
-0.704375
-0.704572
-0.70474
-0.704883
-0.705005
-0.705108
-0.705196
-0.705271
-0.705335
-0.705389
-0.705435
-0.705474
-0.705507
-0.705536
-0.70556
-0.70558
-0.705598
-0.705612
-0.705625
-0.705636
-0.705645
