-0.470137
-0.557113
-0.633702
-0.700942
-0.759815
-0.811236
-0.856055
-0.895048
-0.92892
-0.958302
-0.983762
-1.0058
-1.02486
-1.04134
-1.05558
-1.06787
-1.07847
-1.08762
-1.09552
-1.10232
-1.10819
-1.11325
-1.11761
-1.12137
-1.1246
-1.12739
-1.1298
-1.13187
-1.13365
-1.13519
-1.13651
-1.13765
-1.13863
-1.13948
-1.1402
-1.14083
-1.14137
-1.14184
-1.14224
-1.14258
-1.14288
-1.14314
-1.14336
-1.14355
-1.14371
-1.14385
-1.14397
-1.14408
-1.14417
-1.14424
-1.14431
-1.14437
-1.14442
-1.14446
-1.1445
-1.14453
-1.14455
-1.14458
-1.1446
-1.14462
-1.14463
-1.14464
-1.14466
-1.14466
