-0.338824
-0.392154
-0.437669
-0.476419
-0.50934
-0.537257
-0.560895
-0.580882
-0.597762
-0.612006
-0.624015
-0.634133
-0.642653
-0.649824
-0.655857
-0.660931
-0.665197
-0.668783
-0.671797
-0.67433
-0.676458
-0.678246
-0.679747
-0.681009
-0.682068
-0.682957
-0.683705
-0.684332
-0.684859
-0.685301
-0.685672
-0.685984
-0.686246
-0.686466
-0.686651
-0.686806
-0.686936
-0.687045
-0.687137
-0.687214
-0.687279
-0.687333
-0.687378
-0.687417
-0.687449
-0.687476
-0.687498
-0.687517
-0.687533
-0.687547
-0.687558
-0.687568
