-0.592253
-0.702575
-0.800782
-0.88811
-0.965678
-1.0345
-1.09552
-1.14955
-1.19738
-1.23968
-1.27707
-1.31011
-1.33929
-1.36506
-1.3878
-1.40787
-1.42559
-1.44121
-1.455
-1.46716
-1.47788
-1.48734
-1.49568
-1.50304
-1.50953
-1.51525
-1.52029
-1.52474
-1.52866
-1.53212
-1.53517
-1.53785
-1.54022
-1.54231
-1.54416
-1.54578
-1.54721
-1.54848
-1.54959
-1.55057
-1.55144
-1.5522
-1.55288
-1.55347
-1.55399
-1.55445
-1.55486
-1.55522
-1.55554
-1.55581
-1.55606
-1.55628
-1.55647
-1.55664
-1.55679
-1.55692
-1.55703
-1.55713
-1.55722
-1.5573
-1.55737
-1.55743
-1.55749
-1.55754
-1.55758
-1.55762
-1.55765
-1.55768
-1.5577
-1.55773
-1.55775
-1.55776
-1.55778
-1.55779
-1.5578
-1.55781
-1.55782
