-0.504737
-0.582495
-0.649964
-0.708591
-0.759592
-0.804001
-0.842698
-0.876438
-0.905871
-0.931556
-0.953979
-0.973559
-0.99066
-1.0056
-1.01865
-1.03006
-1.04003
-1.04874
-1.05635
-1.06301
-1.06883
-1.07392
-1.07837
-1.08226
-1.08566
-1.08863
-1.09123
-1.0935
-1.09549
-1.09722
-1.09874
-1.10007
-1.10123
-1.10225
-1.10314
-1.10392
-1.10459
-1.10519
-1.10571
-1.10616
-1.10656
-1.10691
-1.10721
-1.10747
-1.10771
-1.10791
-1.10809
-1.10824
-1.10838
-1.1085
-1.1086
-1.10869
-1.10877
-1.10884
-1.1089
-1.10895
-1.109
-1.10904
-1.10908
-1.10911
-1.10913
-1.10916
-1.10918
-1.1092
-1.10921
-1.10923
-1.10924
-1.10925
-1.10926
