-0.48706
-0.570202
-0.64292
-0.706463
-0.761942
-0.810337
-0.852522
-0.889267
-0.921254
-0.949085
-0.973289
-0.99433
-1.01261
-1.0285
-1.0423
-1.05428
-1.06468
-1.07371
-1.08155
-1.08835
-1.09426
-1.09938
-1.10382
-1.10768
-1.11103
-1.11393
-1.11645
-1.11863
-1.12053
-1.12217
-1.1236
-1.12483
-1.12591
-1.12684
-1.12764
-1.12834
-1.12895
-1.12948
-1.12993
-1.13033
-1.13067
-1.13097
-1.13123
-1.13145
-1.13165
-1.13182
-1.13196
-1.13209
-1.1322
-1.1323
-1.13238
-1.13245
-1.13251
-1.13257
-1.13261
-1.13266
-1.13269
-1.13272
-1.13275
-1.13277
-1.13279
-1.13281
-1.13282
-1.13284
-1.13285
-1.13286
