-0.4109
-0.481121
-0.541913
-0.594383
-0.639549
-0.678337
-0.711581
-0.740024
-0.764324
-0.785058
-0.802732
-0.817784
-0.830593
-0.841488
-0.850748
-0.858617
-0.865301
-0.870976
-0.875794
-0.879883
-0.883353
-0.886297
-0.888795
-0.890913
-0.892711
-0.894235
-0.895528
-0.896624
-0.897553
-0.898342
-0.89901
-0.899577
-0.900058
-0.900465
-0.900811
-0.901104
-0.901352
-0.901563
-0.901741
-0.901893
-0.902021
-0.90213
-0.902222
-0.902301
-0.902367
-0.902423
-0.902471
-0.902511
-0.902546
-0.902575
-0.902599
-0.90262
-0.902638
-0.902653
-0.902666
-0.902677
-0.902686
