-0.329198
-0.376465
-0.416429
-0.450185
-0.478669
-0.502685
-0.522918
-0.539954
-0.55429
-0.566348
-0.576486
-0.585007
-0.592167
-0.598182
-0.603233
-0.607475
-0.611036
-0.614026
-0.616535
-0.618641
-0.620409
-0.621892
-0.623137
-0.624181
-0.625058
-0.625793
-0.62641
-0.626928
-0.627362
-0.627726
-0.628032
-0.628288
-0.628503
-0.628684
-0.628835
-0.628962
-0.629068
-0.629158
-0.629233
-0.629296
-0.629348
-0.629393
-0.62943
-0.629461
-0.629487
-0.629509
-0.629527
-0.629543
-0.629556
-0.629566
-0.629575
