-0.390878
-0.451313
-0.503199
-0.547714
-0.585879
-0.618581
-0.646585
-0.670554
-0.691059
-0.708594
-0.723585
-0.736396
-0.747341
-0.756691
-0.764676
-0.771494
-0.777315
-0.782285
-0.786526
-0.790147
-0.793236
-0.795873
-0.798123
-0.800043
-0.801681
-0.803078
-0.804271
-0.805288
-0.806156
-0.806896
-0.807528
-0.808067
-0.808526
-0.808918
-0.809253
-0.809538
-0.809782
-0.809989
-0.810166
-0.810317
-0.810446
-0.810556
-0.81065
-0.81073
-0.810798
-0.810856
-0.810906
-0.810948
-0.810985
-0.811015
-0.811042
-0.811064
-0.811083
-0.811099
-0.811113
-0.811125
-0.811135
-0.811144
