-0.387093
-0.452922
-0.509979
-0.559314
-0.601882
-0.638541
-0.670059
-0.697119
-0.720324
-0.740201
-0.757213
-0.771763
-0.784198
-0.79482
-0.80389
-0.811631
-0.818236
-0.82387
-0.828675
-0.832772
-0.836264
-0.839241
-0.841778
-0.84394
-0.845783
-0.847352
-0.84869
-0.849829
-0.8508
-0.851627
-0.852332
-0.852932
-0.853443
-0.853879
-0.85425
-0.854565
-0.854835
-0.855064
-0.855259
-0.855425
-0.855567
-0.855688
-0.85579
-0.855878
-0.855953
-0.856016
-0.85607
-0.856116
-0.856155
-0.856189
-0.856217
-0.856242
-0.856262
-0.85628
-0.856295
-0.856308
-0.856318
-0.856328
