-0.49712
-0.582687
-0.657414
-0.722564
-0.779276
-0.828573
-0.87137
-0.908485
-0.940641
-0.968478
-0.992561
-1.01338
-1.03138
-1.04692
-1.06035
-1.07194
-1.08194
-1.09057
-1.09802
-1.10444
-1.10998
-1.11476
-1.11888
-1.12244
-1.1255
-1.12815
-1.13043
-1.13239
-1.13409
-1.13555
-1.1368
-1.13789
-1.13883
-1.13963
-1.14033
-1.14093
-1.14144
-1.14189
-1.14227
-1.14261
-1.14289
-1.14314
-1.14335
-1.14353
-1.14369
-1.14383
-1.14394
-1.14404
-1.14413
-1.14421
-1.14427
-1.14433
-1.14437
-1.14442
-1.14445
-1.14448
-1.14451
-1.14453
-1.14455
-1.14457
-1.14458
-1.1446
-1.14461
-1.14462
