-0.409502
-0.474253
-0.529919
-0.57771
-0.618689
-0.653787
-0.683819
-0.709494
-0.731427
-0.750152
-0.766129
-0.779756
-0.791373
-0.801274
-0.80971
-0.816895
-0.823015
-0.828226
-0.832662
-0.836439
-0.839653
-0.842389
-0.844717
-0.846699
-0.848385
-0.849819
-0.85104
-0.852079
-0.852962
-0.853714
-0.854354
-0.854898
-0.855361
-0.855755
-0.85609
-0.856375
-0.856617
-0.856823
-0.856999
-0.857148
-0.857275
-0.857383
-0.857475
-0.857553
-0.85762
-0.857676
-0.857724
-0.857765
-0.8578
-0.85783
-0.857855
-0.857876
-0.857894
-0.85791
-0.857923
-0.857934
-0.857944
