-0.311041
-0.359104
-0.400066
-0.434913
-0.464509
-0.489609
-0.510871
-0.528863
-0.544073
-0.556923
-0.567771
-0.576925
-0.584645
-0.591154
-0.596639
-0.601261
-0.605154
-0.608432
-0.611193
-0.613518
-0.615474
-0.617122
-0.618508
-0.619675
-0.620656
-0.621483
-0.622178
-0.622763
-0.623255
-0.623669
-0.624018
-0.624311
-0.624558
-0.624765
-0.62494
-0.625087
-0.62521
-0.625314
-0.625402
-0.625475
-0.625537
-0.625589
-0.625633
-0.62567
-0.625701
-0.625727
-0.625749
-0.625767
-0.625783
-0.625796
-0.625807
-0.625816
